ῐτ. 1 111111 11, 11111. vorati 11111111 11111111, 111116 11111111
11 1111111111ς111111111111111111.

11111111 11, 11111. 1111111 (11111111 do 11111, 111111 1111111
··- 1111111111, 1111 dni 11111111.

11111111111111. 111111 111111 11111111 do 1111, 111111
ι, 111115 1111111111, 1111 dni 11111 11111.

111111 112 11111. 11111111 vorati, 1111111 11111111111111111,
,. 111 1111111111.

11111113 111111. 11111111 do 1111 111111; 111111 1111111
.·'· 111,1111111; (111 dni 11111.

1111111111 112 11111. 1)1111111111111111111; 1111111 1111111
η- 1111111111, (11111111 11111.

111111 111111. 1111111111 do 1111111111, 111111 11111112112
111111, 1111 dni 11111.

1111111 11111111 3 11111111. 111111 11111111 do 1111; 1111111
111111 711τ 11111111, (11111111 11111.

11111111 ma 11111. 111111111111111111111, 111111 1111111
5 111 11111111 1 (11111111 11111.

11111111 11111. 111111111111 111111, 111111 1111111 2112 11-
11111, 11111111 11111.

11111111 1111111 11, 11111. 1111111 1111111111 111 1111, 1111111
111111511111111111, 11111111 11111.

1111 11111111 1111111113111111. 011 11111111 111111 (111-
11111 1111, 111111 1111111 1112 11111111, 11111 (111 dni.

1111 8111111111.

Item 111111181111111111111 1111 16 11111111 1111111111,
11111 list 1111 11111 1111111111111111111. Ζ 1111 1111111111 1111
111111 111111 1 kopu 14111111111111111111111111111, 1. j. na'
111111111.11.1211.11118.1111111121111111. Μ111ἶ
by 111111 111111 111111 11111111 (11111111111 S. 1111111 1111111
1111· 11111 1111111111 11111111. ¹

1111 ,111111 1111 311 111111 1111111111. 1111111112 11. -
111141141111111111111111 kopy 1 6 11. - Jakub Ζ11111111
3111111111 1111112411 - Β1111111111111,11111111611.-1111
11111111 211 111111 1 11111111, 1111111 11111 k 1111111111 1111111111,
11 11. 12011. -11111111111111111111111111 11111 56 11. -- ·
111111111111121 111111411-111111111111811,- 1111111111
11111811-*Η111111111111611Κ111111111115011.“
11111111.“1111111111111.111111111111111111111
111 gr. - 11111111 31111111 2411. - 11111111112 111111411-

 

