1990

episcopus et apostolieae 111111 legatus

999.
21111111,Ζ(1111111313,333 [²⁶⁸]-
1111, 1111, 1 1111
21111161, 2111111111,8(1111111,111111111111-133.
21111111111111111111111111,1.Ρ11111
211111, 1. 21111.
13111, 11131 111 [9191.
11111111113111111111 999 [20⁷1.
2111111111. 21111111.
2111111111. 21111131.
Zedliez‚1.Sedlec
2111111111Ζ11111111111, 11111 303 [333]
2111111111, 1 0111111111.
11111111,1.21111111.
2111111111, 2111111111, 1. 21111111.
2111111111, 2111111111, 1. 2111111111
211111211111.
2111111111, 1. 2111111111.
2311111211.
2111161111,2111111111,11111 213131 [11].
Ζ1111112111·

111111, Zereia, 11111111, 11111, 111 ³

[11]; districtus - 99.
211111,Ζ11111174[33[
Ζ11111,1.11211111 -

Ζ11111, 2111111, 11111 33 [403 9]

2111111111,Ζ1111111111[- 1111111111111]11111Ι

111311]
21111111πί11, 121111111131111.
Ζί11111111, Ζ11111111, 1. 2111111111.
2111111111, 1. 2111111111.
11111111,1.11111.

2111111111, 1. 2111111111.

2111111111, 1. 8111111111.

thnik5, 2111111111 173 [30].

Ζ11111111,1.Ζ1111’11.

2111111211111111.

2111111, 2111111111 317 [17].

2111131111, 2111111111ιί1, 2111111οή111.
2111111111, 2111111111, 11111111,
1111111111]

aeneiae, Zn95czicze 173 [13].

11311111, 11311111 111 [11].

2111111, 1. 211111.

211111, 2111111 133 [3351

2111111113, Ζ1111111131, 1111111111,

111111111111, villu 143, 341, 341
[303]

Ζ111111 [1111111112111111111 1111111111
mwfflm‚m,mffl

2111111111, 1. 2111311111.

2111311111, 1. 21111111

11111111. 211111.

21111, 1. 21111.

211111, 1. 21131.

2111111111, 1. 21111111

i.

Zmdov, 21111131 173 [67]. 3

&39:532191110111110011299902

1121131ῗέ] 11111, 11111131, 199, 999,
..[111111111111111 11111111.

. -111111 1111111111]

5 2111111, 21111111, 1111111111 dicitur -
Ξ [prope 111111] 111.

2111111, [811111111811111111111 30 [301]
11311111,1113111111,11111111,111[111].

11111111, 11111111, 11111]
11111111, 11111111, 1111111111, vina 1111

lem? 2111111111 2111111111, villa

[111311,71111Ε111111,111,111[11[.

jZelkovioe, Ζ111111111 171 [13].
2111,Ζθ]111,11111151,138[14].
1111111111, 0111111111 111[14].

, Zeiioe, 211111, 2111111, 1111111411311
1111111111, 1111111111.11111 1111.
² 111;11111,111111111111111111111-.

2111111111, 2111111111, 21111111, 1111111111

· -11111111 111[11].

2111111111, 8131111111, Zichowicze, 11111
199, 191, 11111111

mmmm

1111 11111111, 1111 111 [111]

21111, Ζ1131, 11111 131, 331, 368 [1831

2111111111, 0111311111 170 [71].

11111111, 1111111 111111 [111]

111111, 111111 19 [11].

κΑ-’κΝΝΛΛΛΛ

 

