416

113133133131, 1131113331333,131111131131
mm}

1111111133, 1133333133, 13333313331133·
33133, 1111333133, 1113333133, 11113173,
313, 343, 330 [337]; Β33331131-13 -7,

1131311133, 1113333133, [113] 11133133,
ώωηωω]

1131113131, 1133131311, villa 301, 373 [337]

1133333133, v. 1111113133.

11333131 [1], 1133331311, Β13113113-

’ 307.

1133333133, Nepomyrzyez, Nepomysle
[113] 106 [317]

1133331313 [113],1. 1133331333.

113131133, 11313133133 330 [333]

11313313113313, 1. 1131131133.

1131311133, 1131311133, 113131313133,113-
113113133, 113313311313, 113, 333, 100
μω

11313133, 1131111333, 11113 303 [333]

1131111133,113111131133 173 [303].

113113113133, 1. 1131311133.

1131131133,11313313113313, 1131131133, 113-
sfflffifflmwfflffiff

1131131133, 1131133133, 111113 [113]

1131131133, 11313313133 33,[331]; 11133-
13111 13-31133131333113111 0111311. 77.

13333111311133313131133, 1133331111333,
1133131111133, villa 133, 184, 188, 313
[343]

1133331133, v. 1131331133.

1113313111, 11133113, camerarius 13111113-
manorum 31Β3331133 33333111311333-
tium vinearum novae plantationis cir-
cum Pragam 339.

1133331333, 1. 1111113133.

1111131133, Ν1313113111333, villa 303 [333]

11113333] [1] villa 11 11133131131333 300
[13].

113333333Ιί13, 11333 3111313313, 1. 03-
13111133 3313.

11313 3111131, 1. 13311.

11311131, Nova villa, Marcus 13 - 331,
333 [131]

- 113111 1131, 1131111113 103 [331]

1311131, 1311311311, 1311311311 alias
Bor, villa 130, 339, [333]

1131333111,1131311113 173 [33]

1131133, villa 11 1313133133 307 [13] -

1131131131, 1111331131, v. 11333133.

1111313, 113313, villa 303 [333]

11131113, 1. 1113111111.

1113333133, 1. 1111111133 [13313] 1133111133.

1113131311, 1. 1131331133.

11133131313311, v. 11133331.

1113111311313, 1. 11131133.

311331. Nurum, 311331, 1111331
Q}

0333, 03333, pascua [13 villo 111131]
3113- 11333111 13.

3131113, 31313113, pratum [13 011-
313313] 331. .

03313, villa 03 [330]

- v. 3111333.

03111311, villa [in provincia 3111131111] 3.

03111111, 031311111313, 13 [341]; 13·
mini de - 13; 11313331, 1131331111
31 313113 13 - filii 1131131111 13 -13;
11313333 133131 filius 1 Petu· 13 -13

0311111, 03131111, 11113131313331111·
tomyerzycenni 17, 13.

0311111113, 1. 03111111.

03131131, 1. 0111333131.

01133133, 03313311 Minor, 111117 [33].

01313331311013133311311111177041]

01113, Egra, 11313, 1113133331, 333, 333,
133

0113331, 03333311,1111137 [333]

01111313 [13313 33113133 Κ3313111333],1.
Κ31333133 1131331113

01131133, 1. 1131131133. ·

0111333131,[0111331111],0313331,01131131,
3ωη3333333
3133·

0133133, 01311133, 1. 13113133.

013133, [0133311] 0131133, 0111133113
&mma

013131, 01311311, ouem 3131113111,
0131131, villa 136, 330, 331, 373 [333]

- 0131131, 013111311111137, 333, ,343
[303].

- Nemeam, 313111 mutamus, 111
ΜωωωωηψηΗ

 

