x1

ι155111511551115 1511551511 1, XIX, 5 5551511111 1111 155115511151111. Ρ5
111511 511111 111 11151111 11115 5515111555 1115 5 1151515155115111, 1151115111
1 151 5151111 5 5511111111 511555155151115, 1111111 15515 15151151 1515
Fntak. [111511 1151, jak se dle 5151551111111 1151 1111115, 1115 551 115155
1111155155 11515115 555515, 1115 55 515155115115 51515 11. 1. 1. 13421.
hmoto 1511511111 15 155115155151 551555515511111515115, 11151155
1511515151551 55 5155551111 55511511 15511 15155155, 5155151151115
511151115515151515115111115,151 1515 5 11155 55111111 1151551115
5 „statuta papalia 1515 1155151115 1511151151 1551115111 rukopisu
515151515151151515111115,155511 k 151111 1111111 11111111 15511115
5115151111155 511111, 5. 11511 1111151511 151111 115555551115, 5151-
5511111111 5555111515111 5115111, 1551 55 5151555 55151551515111
³³« 1 1 1551151115 51151 151-5515511515 115115 55115515 5551511.

·. 111. 1155151111 1151511111 51511151555151 Ρ151511115
1. 1319 (511. 313-400). Κ 5111111551 5. 5151151115 1515 5151. 151515
z 115111151511111511515111 51. 11511. 155111 55515155511 55111 51151151
⁴ J· 55 11151155 11115 5511151115 111515115155551111551115551 5111111555
¹ 551115115111511511151111511, 55515511 1111151 515111515551115151111
111115. Tanto 1551511111 1151111151 5551 1511111551 1115, 15 1155115511
151151 1151511 551511 5511111 5511511111 551111 515 551 5 1151111111 5155
5515555515 551 1111511 115115115515151511 51511151555111511. 1115
5155115 51511115 115111 1151551511 11555155, 15111151 Anno domini
, = LXX nono 51155 epyphaniam Domini presens berna perHeinricum‚
J 5 ‘um archiepiscopi Ρ155511515, 51 Η51151111515 15 (1111555151 ......
‚J ,11151111 tato 5511111115 1551 na 5511111111 1. 1379, 1515 1515551515
J·= ’15511155 1111111 1115155551 IV. 511 5551555551 1515 511515. 11515515
J 151551 1511111, 1115 55 5551515155 5 51511115 5151111 55111151151111
J J 55111 511155 1511555115 55151115 5115111151 551111.

θ’

a<
1151111 11111111, 1151111115 5551511511, 155115155515115 1511115155
1515 5151155115111, 111511 55511111 1 11111515 11515151111151111115
1 ’ 111155 5 5. k. 551551511111111111155111 511551. 151515 55515511155111
J 1 11511 1115111551 51115 55 51555115151 ani 551111 ani 51115111 15511 5151151511
J 111111 55155111, 511151 15515 15 151111, 5511111 11111115 1511515 115 151
155511511151515511515115 55111111 5511115111 11151115 111115, 51·
15155111511111511511151115111. Τ5111 555111 11555151 151115155111115

 

