46

Kotaul 1111111111 11111. 11111111 111111 1111111, 11111 111 dni.
1111111111 11111. 11111111 1211 1111.
1111111111. 11111111 11111 12111111.

’ 1111111 11111 11111111 12111111.

111111111111 11111111 11111111 111111 1111111, k 1111111111·
:my ffil 111111Η1111111111111 111111 11111 312 11111 1111111111,
1111111 11116111 1111111111, 111111111111111111111 111Ῑ111111111111
1111111111 111111 sami 1111111.

’1111111 111.

111111 v 11 1111111111 1111 4¹62 1111111111111111, 31, 11111
11111 1111111111 bez 1111111111 11111111 1111111111, 1111111 1111
11111111 111 111111, 111111 111111 11111 1111111.

11111111 1111 ¹62 l6nu. Robota 1111111111 1111111 1111111
11111111 11111.

11111111 ’1, 111111. Robota 111111 1111111111, k 1111111 11111
1111111. ’

1111 ι1, 111111. 11111111 1111111 1111111, 11111111 1111.

Β111111 ’1, 11111. 11111111 1111111 11111111, 111111111111.

111111111111. 11111111 111111 11111111, 111111111111.

1111111111 ¹6 11111. 11111111· 111111 11111111, 11111 111 dni.

Valenta ¹62 11111. -11111111 111111 1111111, 11111 111 dni.

Tmov6 aurok:

Item Janek 1111 11111111 1111, 111 1111111 111 111111 S. 1111·
40 11. 1111 S. Η111140 11. 11111 1111111111. 1111111140 g'r

111111 11111 111 *1111111 11111111 pod aurok 11111111 pu-
111111 111111111Η1111111111 Μο11111111111111111121111111111
Ι 1111111 11111 12 gr.

Enc6vany 111.

Item 1 11 vsi Ε1111111111111111 11 1111111 111111, 1111 11111
11111 1111 1 11111 1111111111 11111111111 11111111111111 1111111111
1111 11111111 111111. ·

1111111111 11.111 1111111111111111111111,111111111111 .

ΚΠ1111111111111111111111111111111111111111111111.
11111111 1111. -
Chaud6¹l. Robot 11 111111 11111111, 11111 1111 dni.
Sau6ek 11, 11111. 1111111 111111 11111111 11111111 1111111,
111111111111. -

111111 puol 1111111111111111111111 av 1111111111111111111

 

