⁴22 1

116111111661161116116. 1 16166166, 1016111661, Olenia, Olenyczh
Vgezdecz, v. Ujezd 61 [11611166. villa 219, 262, 266, 261, 260, 263, 266,
1116111661, 1116611661, 1116111661, 1. 268, 210, 211 [6].

1116111166. · 11616666116116, 11111161. ·

11166166, 1116111661. 11166166. b 1ο11661166,116116161 villa· 111 [671 ’

116111116101111161. 1 1161666111, v. 0166111.

11161611, 1. 11111611. Ι 16111111111611116,[6111116111]3112,301[3131Ι

11166, 6111616616 61616 310. Ι 1161166661, 1. 0161166. ’

1111111, 11111111, villa 309, 310. 1 16116611161. 1611161166. .

1116111166, 1. 11116111. ’ 1161616116, 166661116161116661116116111111

11166, wikan, 111116,11111156, 111, 11. 11, -

178 [2381. 1161616116, 1. 1616161116
1111661166, [1161166666],111111116111161, Wozdmicze, 11’61(111161,’1.Η16111111166.

villa 219, 230 [1961. · “ ’116111 hm, 11161116 11666, 111666 111,
1111111166, 1111166666, 1111111116τὶ6, 1111111- 616116] 292.

166661111611, 81 [4]. 1611116161, 116611116111611616, 1161111611ζ
1111111661116166. ² (1111661166 - 3.· ’· ·
1116111166, 1. 1161111116 11611161, 11166666, 111611616-Ι 1111613,
1116661166, v. 1166116611. 14, 219, 260 [43]; 16666, ,166116116-
111161111166116116,111111331 [2611 66161166 116611116πὶ6 de 1166161101
11161166, 1111611166, 1111616166, 11116 13,14. · ·

11166, pratum [61666 1111661 11116 116166, 1116111611, 1161116616· 1111611, 94

witz] 114, 116, 119, 123. [111;16616116··- 6661616666 11.

- 1111611161,1111611166,11116111666,111· - 11111616, 1111116116, villa 36 [4641.
1611161, 11116 123, 360, 361, 363, 366 1111166111, 1111111661, 1161116666, villa
DQ pamm ··

11661111, 1116661161 400 [2221 Onaso 1111116 [11166111 11111116, villa 2111,Ι 212,
burggmvius (16 - 400. 1 213161 “ ·

11611166, 1116616661, 166116 [prope 211166 j 116666,11ἠ6666116,1166666666,11111136,

, 1441616. · Ῑ 66116661 -

monice, [Bojiee]‚ 3611166, villa 304 Ι 11111166,11111166,11111142,46 46, 61, 52
[64611 “ [16].

111616, 1161161116, 1111116116, 1111611111, ι 11111666,1111116616.1.1”111166.
flumen 86, 146, 160, 2116, 601. 310. 5 1161666666, 1116666666, 1. 116666.

1616611661, 1161611161, 1166661161, 116- 1 11661161161. 1161166.

1166166, vina 13, 11, 16, 66 [1]. Hp , 11661166.

61116 116- 6116116811666611, 661116- s - 166166, 1. opit&

1661116 1616111116 11, episcopi ng. 116666611161, v. 1661161166.

13,14. - 116661611111, 1. 1661611166.

- 1166661161 310 [2411. , 1166611111166161111, 1166161116, v. 111·

16666661161116166616166616161161 1111.

11611, villa 111 616161616666111161161,163, 16661116. v. 01166111

136. 16111. 1161116666, 11116 23. 26 [3931
1611611611. 11611611616 1ῗὸ [16]. 1161111 1. 311111.
161616116116161611116, 1166111111[6111“1116 16116616. 1. [611ὲᾷ

11166 [13] 231. 1161666616. v. 1661161.

16161166, omia 292 [111 11616116111661166161 6116811166161166

161616, 11616116. 1. 1111616 161616 m [61] .

 

