vn

6611661616 a 666 16666 66616161166 6116. 111661 16616 66666161
166 ve 66616166, 1161 e. 116161661616166 666166,

Γ61661 161166 66616166 611 r. 1610 66 16666616 1116666616, 11661
1666661666 6666 mmo 666. 661661661666611,6,
11616137 11616 161666661166, 6161116611 1166 6616616138,1’61 te
1666666666 66161 16666 6666166166 66166616161616 61166 6161166166
161111 (16 1166616616116 (sign.11,A‚7) 161 6111616 1661666661166
1161161166, 11666 161 66666616161 661161 1666 66116661. Nn
116 661661 6666666161 1 666111 6666666161 r. 1663 666161661 66
'mmm 1666666666166 1666, 11616 66 6161666666 leta 16616 1661661
uitem 0661666161616 66166611 6 11616 do 16 1661 66111. 1116166
’116611616 ’66611 66616661611 1616 16116611 6666666161 suad 166
6611 1666 1 66161616611661166 161161; 11161166, 11611 66 6666 6611
6616161, 1661 1611666661666110161666161666, 11616 66 111166611616 ,
6166616 a 16111 61166661 666616616111, 161666616611. 616161 16616
1616611616 6666616166661161661661661661, 16 66 1616 6661666616
1666666616 1111616166 666611 661367, 61611 16 1111666 6116
bn 11111616661 6161616 666616, 616 1166116 6661616, 16111 166-
66611. Τ616 1661166166, 16 1616 6661 666616 6116 16111 1661611
’ r. 1367 66161666, 66666 16 6166116 1611661666 66166 666166
1666611 116161666; 6666 6. 1367 611 111 1166166 66616661611
1111661161 11616 61611 666616 116166166. Urba} 66616661611 661611
j 116 61661616, 11616 1166166611 66611166 611666 2. 16161611 1 66
’ 666 6666161 166. 1621166616 111661666666 1661111161 616166
·· ’ 616661 116116 6661161 sign. 11, Α, 7, 1611 6666666611 1166666661 (6),
’661666 1161166 Π, Α, 9, 11661 6661666661 1161666661 (b), opravssi
1111161166 chyby 16616 6 166611 16616611 16116666, 116661 166
1166 66161666 6 66161166 (6) 1 6616161666 1166161666111161661.
, Ι1616161166 (6) 116 61 66 616666 41 666666 116661 6 6166 61 16
; 666616611616111 1611616616 66666616. 0616161 666116 1616161661
’ 1116116 66161166 (a) 6 616616 16 16116611 166 6666 161616661666
Ι11666, 116116 1 textu 1661 6116166666661 11161666666 161616.

Ἰ 11116611 11661666 06166161666 (616. 63-911 r. 1368
11161611 661611116666 6661661 1661 166 116616 616616 6 6116661
1116166 661616, 661166 66611, 6 6161116166 6666161616 66616166
111661 166661111166 161, 16616 161 1111661 161661111161 66611166

 

