X

99191111 11911 1911911911 19911 1191191. 1919 19191191919991 191191*
’11.111. 1991191191, 9199191111 9 1911991111 191191919191 9111111119
11911191, 19911 (11191191111111 1911199119 1919119111911119191919 1Ἰ
Ρ1911 11991 19991919999119111111, 19991191911111 91 191119191911111 ··
9191111, 191911191911191911911111 191111911911111191911 Kunthovi, 1191919
11991919 Β1911191911919, 19 191119911119119111 r. 1553.

VIII. 111191 11991919 911919191919 (911. 219- -3021
1. 1410 99199111 19191191 91919 Ρ1991 119 1099119919 9199111119 111
99119 19911991111911911191, 919 1919191191 191191191191919111
9911119191111199111191191 9119119 1919111 119119919111911119191-
19119 9 191191999911119 11111111199119911. Μ191911991 111191919 11111111
991919 privilegia nebo 911111 19111 11919 9111191119, 11919191 19119111 1911·
1991 1 1111111111111191191911111 19191911. 09 (19 9119199911 9 nplnos'I
9199111 19119 99 9119119119(9119111191119191911111, 919191111919 1911
9191119191, 191119919191. 111191 9119191911 911999191119119 1. 1191.
1911191 9119191111 1191919111999 919 1 ,Ρ91991199191919991911911191
919191911911191“, (119191 19111, 1911919191 19111( 11191191119111 19111-
, 119119 1991111111, 11111 99 1999119119119191911. 11919119 1111919 1919,
1191919991 919111911991919 811919191919 9 1119 sign. 111111, Izi
119111 to 1119191 99199111 1111919, 11111 119119 1 11919 191911
19111 15, 19191911991919191119911 11191919 1111111119 1111 1119191199,-
19119 Ρ. 0911191911, 111119191911 1199111919 91.1919191919

IX. 111191 1191991191111991919 Ρ191919191(919.1 30
91 308). 1111911 19,11 1911 9919919191 1111911911 91911111 19111111
Ρ191919 9 ΙΧ199119111111991191,111 1911919 9919911 1191 1911191
1191191191191191911 111 119111 19119199191119191 191919119919911911111111
1191191919191 9 191191911919919191111199119 919119111919919111 8111911191
11119119919111111191941 1191111191911911 111111 111 99991 911111919
9919119191 19143 11911 1111119119 1991,1911919111119,19191911111911111
111191191191191991919Ρ191919111.’ Ι ·

. X 01191 11991 1919 2119919191919 (911 9094311
11.1342.111191111199191911 1199119991119111 11119111-1111119119
9199111 111119191911119911991, 1111911 119191111, 9119111 1911 Ado·
191919, 1119199 1111191111 1111199111, 111 919111 1911911919 919191991911199
1191119111 11191191 1111191111 19111111 Ρ191919 119 119119919111119 1111.

 

