1111, 1. 01111111.

1111, 1111111111 aliu - 1. 011-
ι.

111, 1. (1111111.

11111, 1. 2111111111.

111111, 1. 1111111111.

111, 1, 01111111.

11, 1. 40111111.

1111111, 1. 0111111111.

riez 11111, 0111111111, 1.,0111·
= 11011. ·
111111111111111111, v. 0111111111

z, Ozimicze, 1, (1111111.
1110111111.

11, 1. (111111. -

cz, v. 11111111. -

v. 01111.

yn, 0111111, 1. 0111111.

11111 11111111 ad 0111111111111-
11111,ν

1111. 01111111.

11111. (1111111111.

11111, 1. 01111111. .

1111, 1. 0111111. , v
niezfflsszyczenyczg, 1011111111.
w, Czyekow, 1.· 0111111.

11111, 1011111111. ⁴

minz, 1. 01111111.

1111111, v. 1111111111. ¹
‚mmmfflfflmfffflm
111111, 0111111111, 1. 0111111.

0.

ny, 0111111111, 1111111Ι 111-η ,abbas
asterii 81111111, 11013691 Ι

11, 0111111111, 0111111111, 01111·
11, 0111111111, 011111111-’011111
fflffiQmQfflmff
11111111, 0111111111, 0111111111,
‚QmmmmL·
11, 0111111111, 11111361, 361 [1811
01111111, 11111 [11 Ρ1111111111111
1111- 14.

ze, 01111111111,11111111 [1111

401

0111111, 01111111, 0111111, 01111111,
mmmmm}-

0111111111011111111, 0111111111 888 [1011

0111111111 [1], 2111111111, Petrus 11-
magister 1111111111 1111111111 11111111·

ν11111111 1111111 1111111111 [1401

01111111, 0111111111, 1111111111, 101
111.

0111111, 0111111111, 111 [1111

0111111, [0111111111 01111111, carnia,
mmmffl.

0111111110111111111111301 [1181 ,

01111111, 01111111 1111141 [8011

0111111111, 0111111111, 0111111111, 11111
11 [10.

0111111οεῖ [1111111111 111111 villa 11111
0111111111, 0111111111, 1111191, 110
[41].

01111111, 0111111111, 0111111111, villa
144, 341, 351 [3631

1111111111, 0111111111,111111ο1[111].

011111, villa, 11 0111011111 prope 01111·
1111806 [2281

011111, 01111111, 01111111, villa 101,
ww.

-011111111, 01111111, villa 101, 311

, [1111

0111111111,νο1111111111111 111[11.] ·
01111111, 1011111, 01111111] 0111111111
ν011111111111111111, 100 [111 ¹ :-
0111, 01111 113 [11].

01111111, 1111111111 1811511 , ..
1111111111, 1111111111, Damam, 11111
1. 111, 400 [11117 ’
01111111, 0111111111, villa Mor. 111113,
214. ε · , ,« ›
01111, 111111, oppidum 14, 15, 1111,
ψψωω.

Dayow, 11111111111111111Β111111 [111111]
11111111 1111111111111 8, 1. ,
neem, 11111111, 11111 111. [1111Ι 111
111111011110111111- 11. ,
0111111111, 01111111110111111111, 11111114

11, 0111111111, 0111111111, vina 11111,1111111,1ο1[111

341, 114 [111111 Τ11.Β1111.].

11111111, 1. 11111111.

 

