66

21114Η14411444 ’0 ’ , .-=
0141144441 414 l 141444 18 41, 1111446, 1144414 2 dies 41
240 4411114414,
64141164 l laneo. 18 41., pullos 6,, 1444414 241144, 240
Ξρρθῦῗ4141 (14141144 414 1141441841, pullos 6, messis 2 41144,
6891911ιέ4 1 1414418 44, pullos 6, 11144414 2, 41144, 24 1411114414.
6111414 4141 1414418 41, pullos 6, 1144414 2 41144, 24
ca ⁸.
ppeglizupdp 14, 1414419441, pullos 3, messis 1 411411, 12
14 ’.
ppegza de ’1, laneo 9 41.,11111443,1144414 1 411411, 12 44114414.
Komar 414 114144 18 41, pullos 6 messis 241144, 24
44
pegia& 414 1141144 18 41, 1111446, messis 2 41144, 24 4411114414.
spata 414 1 4114114114 41, 1144414 2014114414 -2
Ρ411414 1 4111411411 6 41., messis 12 1411114414-1144411111111.
811111411441141114141111114 1 44144. 441 4144444..
Nota. 11111441412244414114414416.

111114 Β111114ο11. pm

01144 de 114144 260 41., pullos 3, messis 32 4411114114
Μ41111Ρ14411 de 114144 20 41., pullos 3, messis 32 4411114414.
61111414 (14 11, 14144 1641,111111111114,,1144414 16 4411114414.

24441414 ι1141144 10 41.,1111111111114,144414164411114414.
644411 4141441414 11414 4414441411.

6411114114 4111411114 terminis 3 44144. 61111114 11144414 96
1114414.

Villa Piecpwiezye.

8111141 de l 14144 32041, pullos 8, messis 36 4411114414.

611411114114414 4111141414 4, 41,

Μ41111Ι1414144 414 1 14144 3241, 1441444 2·quartalibus
641.,1144414 32 1411114414, 11111446. .

1611, 611 4111111411 8 41., pullos 3,,11444140161411114414.

6111414411 (1412414144 14141411111446, messis 32, 4411114414.

Η41411414 1 1114114118 41., pullos 3, messis 16 4411144144

Ρ411114411 4111114144 11141, pullos 6, messis 32 4411114414.
6111114114 duobus terminis 4144441144644. . ·

34164641144414444444444, ,, , .:·

 

