06

1118181811, 18888 16 31., 11811834, 81810, 18888181
8181811831, 1388111881818111831181818. ,

Η88811811,188881631,]1811884,81810,818381811183
81 10 31, 131 ad festum 1881 dictum

111181 de 1 laneo 40 31, 8811883, 818 20, 81883132 dies
[81]2031, 8111831.8111231

Μ8111183118138811811831,8811882,8185,11188813 818-
11881 111818 81 15 31., 8111831881 Soti 18188818 11, 31.

3818818818 duobus terminis (1888 88183. 56 31.

1. 8.. VillaNahoruby.
· 3183118 (18 1 18888 32 31., pullos 4, 81820, 1888818- 41181
81 20 31., ad festum 3811 181188818Β8ρ11818 131, (1118 81188118,
duas 11888 81888.

Mitlync de 1 laneo 32 31, pullos 4, 81820, 81881131
111888120[31.], ad festum prius nominatum 1 31, 211881
avene, dwa oblaczie.

Piczee de 1 18888 32 31., pullos 4, 818 20, messis 411181
8120[31.], ad festum 1 31., 2 11888 avene, (1118 81188118.

1111881888 de 118888 32 31, pullos 4, 81820, 18838131
11188 20 [31], 8111881881 1 31, 211888 81888, 1118 81188118.

11881811 de 1 laneo 32 31., pullos 4, 81820, 8188818 411181
20 [31.] 8111881881 1 31, 2 11888 81888 [88], 1118 81188118.

1888811818 1 laneo 32 31, pullos 4, 81820, 81838181Ι
dies [20 31.] 8111881818 prius 11181881 131, 2111183 avena [318]
11118 81188118.

Pikel de 1 laneo 3231, pullos 4, 818 20, 1888318 [4 dies
812031, 8111881818 1 gr, 2 1188881888, 11118 81188118.

11881811 88111140 31, pullos 4, 818 20, 1888818 4 dies 8
2031, [81] festum 381118188818 1 31., 211888 8188811111
81188118.

Summa pro duobus terminis 8 38183. 46 31.

r. 18. Villa Mirzyn.

18818818 de 1 laneo 81 silva 3031, pullos 4, 1811881
1111818.

Μ881811 de 11],18888 34 31. 811883 21818311838811881
messis 11], diem.

Β8888 de 2 188818 45 31., pullos 8, 8188818 21188.

1888188118 13181188 11 31. 418188888, pullos 2,,1118881
1[,1118111.

Sbynec de 11],181188 34 31, pullos 6, messis 11], diem

 

