’404

911111, Β1991,Β19919,911191,11119199 0919111991911,[011111199 1911101
[10];Τ19119999-1,19,19. 119191,1999901191111191,11919091’1
Β11191]199111],Β111111194[91] 199,11919119199911,11111199,9
911919911119,111111091191999949.919,990[999].
91119199, 9111911191, silva 199. 09,1119,99111 ..01199111 « ··
9111111199,9111911919111191999041144] 01191111,[9911911911]-991111911111111Ι
91191199, 911191191, 9111919 19- 119 [9091 ·'
[191]. · - 0111119111119 [19919091119111.]·,1.111
9199911191, 9199911919, 1. 9919911999191.
9119, 999919 96 [190] 01111199,01911199191191[49].
91191199, 9111911191, villa 907 [11]. · 0190191, 9111901111.
9191191199, 919999191 110 [91]. = 01911, 1. Κ1911.
919111, 910111, 9111999119 (19-, 911919 019911, 1. 919199.
“ 191091191199 [111919990199991 0191999, 1919191. ·
91991919, 91991911, 9199191119, 1. 134- 01911919Κ191199·
91911. 01119111 1. 9191111.
91919, 19110. 09191, 1. Κ9190.
9191191, v 991191. 0911111191, 0911111191, 1. 1191911111
91911199191111,911119190119. Colonia, 1. 99111.ι · -
91911911, v. 9919911. columpna, v. 01111199.
9191119, v. 991119 ’ 0911111991, 1. Κ11191911.
9191111191, 1. 9911191119. 0999911111. 1119911111.
919919, 9199919, 4. 91919. 0999119, 1. Κ9911.
Β19191191, 9191191191, v. 91111199. 09991191,119191111111111 - 111.
919111, 919911, 199111. 0991911191, 1; 99919199.
9191911, 1. 91191. · 0911191, 1. Κ9199199.
9191911, 919191, 91911119, 11111949 09191,1.Κ919111.’
[999]; 99199919 de - 444. 0111911911. Kofietice.
911111, 91191, 91191 100 [994] 01119111, 0911911111. 11991011. ·
9111191111, 1. 91111111. 0191911, 1. 11191919.
911911, 1. 91991. cruciferi cum 1111991199, 1991119.
911191191, 1. 91101199. hannis 9111. 114.
9119191. 011199. 0119191191, 1. 0119191199.
011111,1.Κ1111.
⁰· 9191191. Ohuehly.
01111, 1. 09111. 0111111, v. 11911111.
0111911919, v. Κ91191199. 0111111, 0111119119119 [99].
0119119, 91111199911191911919991119 0191191191, 1. 01111199.
rex 991, 990. · > 0119119191,019991119119,01119111,Ι
0911119111,0991191919911911919111111.119919101111111191,0191911911.
9919111199.
0991911119, 1191191119-1191111,9110 0199111911, 4. 0991191. ·
Ζ919111919[94]. ·' · A 01919111,1. 09111191.
09111, 091,11 01911, 019119, 11119 199, 0191119111,Ι v. 09919111. -
991, 961 [9991 · ’·- 01911, 019119, 1. 09111.
09191999119111,11919011911111191911-0191191,9991.191991.11-9-19. ·
991119,1111199919919,- 11119 999, 999 0199111, 1. 091111.
[989] , · ἶ 0191911191, 1. 09199199. · ·> -“

 

