49

· 22112140 gr. ·- 1111211211 3 2211212411. - 122211 11, 122216
11. — venel 1121 2211211122 11, k. - Karel 2211222112 2 gr.
·.· - 222211 3 221121 2411- 1111111222 11,1222211, 2211222111
11 11. - 11212222 22112 8 gr. - Η211111 22112 2 11, 2211222111 9 gr.

1112122-12221122 121 1211122121 1222 1112212 11221122
- 11111121 12221211 221211, 121122 11211221 2 222121 111211. ’1121212222
5. 1112112222, 212 proto 12211 22 2211122 11211 15 gr. 22211122 1111
- 11112118.1111,1 p6iS. 112112 222 15 gr. 22211122 2 66 1112121
12221 2221111 1121211.

ι-·12212 12111221211122 22 122 2122122221) 121221 1121211 12
21111112
1121111111, 1121121211, 2211222111. 112122121111122112222
12111212 121221 po 4222222211 2 pot 22121 121221 31211221. To
1111,2 21121, 212 [2]2 2112122111 11, 2211222 121122 1 12111 112 221211
1121121 21221 2 21221222 112 2122121.

1121111 12211,1222.Τ1111122112121121ο12211211122112121221
2122222211112212112122121231121.

3122111, 221121 Μ212122121111122112111112211112121221
112 4 2211222222 11222212 21 3 1211221 22121221 Κ 22122 122
22211112 dni 2 21221 den 112 2122121.

1121112122 122 21122112 2111222111. 122 1212212 21111122 112221
122112 121221 1112 2211221222 2122111111 221211. 1112112121221
221221 1122 11221211 111211 1121211222. , “ , ..

Ρ2222 112 1221111212. Κ 222221 22111211 122 ’2 21212 2121112 dni

Jakub 11, 12221122 2211222111. 11111122 112 121121212211112
21112121221522112211212112212212,411 1222221212 1121 21221
221221 den 1122122 11211 12221212.

Η21122 211, 121121. vorati 21111122 (12 12112, 1122112Ι 121221
6121122211 21221 122 5 11212 2222121122 112 22111222 , '

J 1121112222 1,1.1 221121. 11111122112221212211112 111212
121221 po 4· ,2211222211 2 pote 1123222221.. Κ2 221211 21221Ι 1112
1121 2 21221 den do 2122121.

0212112212 ’2112 Do 121122 21111121 22121211 po (11212121221
po 3 ’2211222211 6 pote 21 21121221 111, 1211222. 21221 212 211, 1222.-

,11121122 221122 11,22.11222111 Τ111112211222122 1212211
12 1111112 1212111 p¹0 3 2211222211, pote 212 21 22 2211221. Μ2 21211
211, 1122111222111112211212212221122.

Ρ221 2111, 2 221121 ’1111112211212112121211·1,ν112111,111’2,Ι12-Ι
1221 po 4 2211222211· 2 pote 1221121221 3 22112211 ¹6iet¹i¹ 2122 212
1121221221 den 112 2122121.

 

