8111111111 [8111111111] 81111111111 81111111,[8111111111],811111111,811111111,
11 [111] 1111111111, 11111114, 111, 111, 111,
8111111, capitaneus Jaroslai 1118111111 12. 373 [287]
8111111111, 1. 2111111111. 81111111, 8111111111, 8111111111 116, 164,
81111111, 1. 8111111. 170 [6]; Albertus de- 266, 164,
8111111111, 8111111111 131 [47]. 169, 270. - 8111111111111, 8111111111-
1· 8111111, 81111111 1111 Langnau 172 [66]. , 1111111111270,271,176.
811 11111111, Ρ1(1 111111, pratum spectans 8111111111, 8111111111, 8111111111, villa
1. ad 1111111116] 217 [304]
81111111, 1. 111111 8111111. 8111111, 8111111, 81111111,11111 138, 341,
81111111, 8111111111, 891 [188] 360 [306]
1 8111111111,81111111111114 [13] 81111111, 8111111111, Smolnyez, 11111 1,
81111111, [Κ111111] Waykaradorf, Way· 17, 18 [1].
1. 1111110111811111111111111, villa 118, 196 8111111111, 811111111, 8111111111, villa 147,
[144] 111, 111 [111]Ι
81111111, Κ111111,11111337 [170] - 11111111 11111111111111 11 - 336.
81111111, 8111111111, 8111111111, villa 118, 81111111, 81111111, 11111170 [72].
861, 373 [187] 8111111111, 8111111111, 11111 Μ11. 164,
-J 811111111811111111,811111111111111118, 112.
117 [311]. 8111111, v. Rehlovice.
τ 81111111, 8111111111, 11111109, 839 [343] 811111,81111,171[44]
81111111, 8111111111 8111111111, 11111 8111111,1.Τ1111111111.
138, 342, 362 [301] 8111111. 81111 [1]
8111111111, 1. 81111111. , 8111111, 8111111, 811111, 3, 111, 400 [183]
81111, 81111, 8111111111 1111111, 81111 7, 81111111, ,1. 81181111.
18, 301 [3]; 11111111, praepositus 11111- 811111, mons [prope Wetla 43], 12.
1 aiae 81. 89. Andreas 111111 11111 11 8111111, [111118111111] 1. Τ1111111111,
margaretha conthoralis 111 (11»- 74. 8111111111, [1111111] 8111111 11111 174
- 811111111 districtus 18, ‘103 81111- [16].
= 1111116;81.11111118. 81111, 1111111111, Spole, villa 144, 341,
8111111111, 8111111111, 1. 8111111111. 816 [307].
81111,811[11310 [160] 8111111,1.811111111.
81111111 171 [44]. 8111111 111111, 81111111 Maior, Srbska
- villa 112, 176, 178 [8 prope Kory· Maior, villa 153, 201 [141]
cany 141] 81111111 1111111, 81111141 Minor, villa 163,
81111111, 1111111, 111 [11]. 111 [141]
8111111111, 1. 81111111. 8111111, 11 8111111111, 1. 811111.
81111111, 8111111111, 8111111111, villa 361, 811111111111,1. 8161111111.
882. 8111111. 8111111.
8111111, 81111111 310 [198] 1 8111111111, 1. 8111111.
81111111, 8111111, villa 112, 180 [333]. 8111111, 81111111, 1. 81111.
81111111,1. 81111111. 8111111111. 8111111.
81111111, 1. Β11111111. 81111111111,1. 81111111.
81111, 811111 1111 Stulp 171 [61]. 81111111, 81111111,11111163, 188 [847]
- Slup, Slupp‚ villa 66, 68 [210]. 81111111, 81111111, oppidum 36 [388]
81111111, 81111111, 8111111111, villa 119, 81111111, 81111111,1111136 [380].
127 [311]. 8111111111, 8111111111,81111111111,11111

Slup, 811111. 81111. 220, 284 [11].

 

